0 1241 486 1298 601 c3s2_082128
0 1205 385 1241 463 c5s2_082602
0 319 169 357 227 c6s2_076268
1 943 537 984 596 c1s4_015006
1 1322 641 1362 701 c2s2_072807
1 59 415 158 493 c3s2_075153
1 557 417 605 461 c5s2_075902
1 516 169 553 205 c6s2_069393
2 1352 486 1384 524 c1s4_000906
2 549 189 577 225 c6s2_064443
3 1187 666 1292 746 c2s2_065282
3 224 371 320 460 c3s2_068428
3 658 94 689 139 c6s2_062618
4 1740 656 1821 756 c1s3_065276
4 453 264 480 294 c6s2_061718
5 308 404 336 455 c3s1_129233
5 586 116 602 137 c6s2_061218
6 644 481 682 538 c1s3_050626
6 344 163 399 229 c6s2_031018
7 119 458 165 499 c3s2_030787
7 579 133 601 151 c6s2_024943
8 1065 633 1097 677 c2s2_028787
8 632 131 654 160 c6s2_023918
9 813 372 841 416 c4s4_001260
9 588 101 603 141 c6s2_026018
10 1231 517 1285 557 c1s3_034476
10 1027 504 1078 590 c3s2_019912
10 1070 399 1105 448 c5s2_020580
10 635 201 662 238 c6s2_014043
11 1788 432 1820 492 c1s2_001366
11 77 151 100 211 c6s1_074151
12 245 401 278 447 c3s1_027501
12 511 128 535 154 c6s1_028326
13 430 442 510 560 c3s1_062867
13 531 137 561 194 c6s1_063426
14 97 487 159 575 c3s1_014451
14 508 147 526 174 c6s1_015051
15 1630 702 1689 790 c2s1_008676
15 594 170 627 209 c6s1_009726
16 1715 449 1763 525 c5s2_130749
16 191 250 240 298 c6s2_123918
17 1568 494 1604 570 c1s1_011276
17 1077 618 1110 663 c2s1_008326
17 514 106 539 139 c6s1_009476
18 816 460 854 516 c5s1_022001
18 492 133 511 176 c6s1_024176
19 718 654 770 708 c1s4_052256
19 9 677 95 769 c4s4_051710
19 1384 492 1441 572 c5s2_113002
19 32 304 87 359 c6s2_106643
20 1433 503 1508 555 c3s2_125219
20 1123 380 1171 420 c5s2_126174
21 451 452 489 506 c5s2_114574
21 348 205 388 236 c6s2_108093
22 312 539 411 747 c1s4_012631
22 687 399 778 511 c5s2_098577
22 132 209 182 308 c6s2_092218
23 1011 525 1087 637 c5s2_100327
23 366 197 397 234 c6s2_093768
24 192 412 233 476 c3s2_110053
24 605 425 645 471 c5s2_117899
25 1508 618 1548 664 c2s2_081707
25 224 396 260 453 c5s2_085652
26 1215 507 1253 550 c1s4_006556
26 690 422 736 473 c5s2_075227
27 330 446 422 583 c5s2_043880
27 372 183 532 301 c6s2_037468
28 261 537 313 594 c5s2_002633
28 125 177 157 204 c6s2_000318
29 1155 382 1203 422 c5s2_019155
29 378 172 411 203 c6s2_009418
30 344 590 500 726 c3s2_122944
30 332 489 424 588 c5s2_123599
31 267 457 305 498 c5s1_031851
31 424 131 441 156 c6s1_031701
32 172 419 226 489 c3s1_021601
32 472 460 516 506 c5s1_024401
33 266 505 347 565 c3s2_127894
33 1360 594 1420 683 c4s4_067616
34 886 398 950 511 c4s4_070741
34 454 244 509 406 c6s2_125343
35 1433 546 1490 635 c4s4_060316
35 425 222 461 263 c6s2_113818
36 619 598 748 700 c4s4_062491
36 293 160 321 189 c6s2_097118
37 1448 466 1478 523 c1s1_002301
37 1863 462 1893 526 c3s1_001626
37 1807 315 1851 372 c5s1_001026
38 1303 464 1339 574 c4s4_017185
38 211 536 255 660 c5s2_077952
38 424 172 468 226 c6s2_071393
39 198 521 244 585 c4s4_025060
39 1762 417 1811 471 c5s2_086402
40 985 603 1052 718 c3s2_035412
40 423 537 477 607 c4s3_050129
40 91 484 148 562 c5s2_035955
40 448 173 470 215 c6s2_029468
41 1013 350 1094 710 c4s3_058529
41 324 199 385 483 c6s2_038643
42 897 635 946 723 c1s2_042746
42 1475 502 1555 601 c4s2_042098
43 1304 411 1396 523 c4s2_032217
43 1183 492 1275 674 c5s1_105123
44 780 510 853 593 c4s2_032517
44 1223 399 1269 448 c5s1_106023
45 1312 687 1417 815 c4s2_030642
45 611 649 652 743 c5s1_103523
46 1567 789 1730 923 c3s2_129394
46 252 555 360 647 c5s2_129974
47 1273 570 1381 662 c3s2_125144
47 179 457 220 517 c5s2_125699
47 175 196 205 240 c6s2_119318
48 918 440 985 545 c4s1_004151
48 189 507 243 646 c5s1_004051
49 1119 633 1179 717 c3s2_127969
49 1275 569 1363 658 c4s4_067616
49 1004 599 1061 707 c5s2_128699
49 266 228 314 267 c6s2_122143
50 1123 755 1187 834 c2s2_113927
50 389 705 593 922 c3s2_121594
50 917 551 1006 696 c4s4_061241
50 272 550 390 674 c5s2_122299
51 493 630 605 726 c3s2_124919
51 752 483 822 550 c5s2_125649
52 1110 583 1198 667 c3s2_121419
52 129 490 196 555 c5s2_121924
53 108 359 165 467 c3s2_122994
53 72 427 118 511 c4s4_062791
53 1490 389 1538 497 c5s2_108002
53 289 144 323 198 c6s2_101718
54 1158 534 1188 577 c1s4_059811
54 857 524 919 575 c3s2_120119
55 844 749 888 835 c3s2_121594
55 241 214 262 246 c6s2_116768
56 621 530 683 606 c3s2_119444
56 1867 367 1907 416 c4s4_066916
56 481 193 508 229 c6s2_113893
57 326 468 433 656 c3s2_118694
57 636 409 725 549 c5s2_119399
58 1 414 65 513 c3s2_078103
58 268 506 360 651 c4s4_058266
58 380 480 447 596 c5s2_119349
58 437 142 458 179 c6s2_087318
59 513 551 599 624 c3s2_118169
59 348 460 402 511 c5s2_118799
60 691 552 763 645 c3s2_123044
60 86 469 129 526 c5s2_121149
60 390 177 431 214 c6s2_115568
61 130 387 211 455 c3s2_118119
61 545 412 597 456 c5s2_120424
61 605 182 644 222 c6s2_112968
62 1398 719 1458 818 c2s2_113652
62 109 411 153 481 c3s2_115944
63 882 500 942 573 c3s2_116744
63 399 427 453 475 c5s2_117249
63 504 115 534 143 c6s2_110993
64 311 735 419 869 c3s2_115169
64 1109 873 1269 1079 c4s4_054716
64 672 710 779 858 c5s2_115899
65 341 619 448 734 c3s2_115094
65 1603 443 1660 513 c4s4_054766
65 821 548 893 655 c5s2_115799
66 246 770 383 891 c4s4_044160
66 663 582 755 665 c5s2_105302
67 255 500 325 570 c3s2_112828
67 105 465 149 517 c4s3_017854
67 154 484 200 532 c5s2_113477
67 209 244 234 291 c6s2_107143
68 322 449 366 538 c3s2_111353
68 572 138 590 172 c6s2_105418
69 1154 742 1234 807 c2s2_108232
69 704 541 764 608 c3s2_110953
70 461 897 592 1079 c3s2_109653
70 1593 588 1641 685 c4s4_048760
70 893 823 1013 1034 c5s2_110077
71 958 556 1030 776 c3s2_109578
71 354 448 404 599 c5s2_110102
72 597 449 657 540 c3s2_105278
72 407 387 447 444 c5s2_105902
72 563 117 593 159 c6s2_088968
73 1034 507 1080 596 c3s2_102203
73 1098 496 1190 616 c4s4_045085
73 608 513 728 644 c5s2_105177
73 530 126 549 164 c6s2_096443
74 759 750 845 874 c1s4_034256
74 160 427 227 487 c3s2_101503
74 645 132 671 151 c6s2_089093
75 1206 600 1238 667 c3s1_018926
75 955 454 1003 516 c5s1_018926
75 309 203 336 230 c6s1_019476
76 164 419 250 569 c3s2_099578
76 893 422 942 543 c5s2_100327
77 1465 479 1596 656 c3s2_092453
77 0 473 53 530 c4s4_031435
77 1120 398 1195 503 c5s2_092952
78 1223 449 1259 514 c3s2_098253
78 890 359 926 416 c5s2_098802
78 596 87 623 132 c6s2_067518
79 408 521 492 682 c3s2_081553
79 309 444 355 549 c5s2_082202
80 38 493 114 560 c3s2_073503
80 325 510 373 554 c4s4_013335
80 746 468 789 516 c5s2_074277
81 681 738 748 846 c2s2_072932
81 164 409 228 484 c3s2_086378
82 1060 527 1146 695 c3s2_096228
82 40 436 95 510 c4s4_040285
82 1091 401 1156 514 c5s2_096702
82 301 139 326 179 c6s2_090418
83 1821 449 1862 505 c1s4_010106
83 226 375 293 479 c3s2_064128
83 0 539 69 718 c4s4_010110
83 1751 702 1898 1049 c5s2_049380
83 348 101 374 141 c6s2_043343
84 181 334 270 473 c3s2_070103
84 368 396 417 487 c5s2_070602
85 712 450 812 644 c3s2_077978
85 760 356 816 431 c4s4_058491
85 803 366 875 498 c5s2_078452
85 438 83 464 123 c6s2_072193
86 1513 489 1605 645 c3s2_061603
86 43 398 105 470 c4s3_074285
86 1074 375 1126 459 c5s2_080552
86 473 88 488 126 c6s2_067343
87 1756 440 1813 513 c1s4_003181
87 463 420 546 504 c3s2_063553
87 1144 366 1194 433 c5s2_037380
88 381 638 552 812 c3s2_051187
88 830 620 1014 756 c4s3_065704
88 234 534 325 654 c5s2_051855
89 55 492 120 580 c3s2_041912
89 715 439 756 488 c5s2_042630
90 418 572 507 672 c3s2_058012
90 1743 471 1811 549 c5s2_079602
90 494 206 520 244 c6s2_072943
91 527 804 621 948 c3s2_028037
91 1720 734 1787 857 c4s3_042579
91 206 703 265 802 c5s2_028730
92 1303 476 1351 520 c1s3_066801
92 696 527 792 597 c3s2_060578
92 625 209 653 249 c6s2_046568
93 468 422 524 532 c3s2_013337
93 507 378 548 456 c5s2_013980
94 692 509 765 621 c3s2_020687
94 352 155 395 223 c6s2_011093
95 1490 517 1528 562 c1s3_026926
95 686 541 741 601 c3s2_012637
95 339 434 393 478 c5s2_013105
95 590 194 623 227 c6s2_006818
96 1603 621 1657 707 c3s2_006437
96 378 507 413 572 c5s2_006980
97 297 437 354 536 c3s2_044587
97 276 408 319 470 c4s3_041479
97 515 395 558 467 c5s2_045255
97 201 140 237 187 c6s2_021718
98 968 544 1020 685 c3s2_006112
98 1016 500 1059 586 c4s3_016673
98 676 563 740 668 c5s2_003955
99 1564 632 1634 747 c3s2_001696
99 1303 452 1368 541 c5s2_002383
100 718 486 775 601 c3s1_143733
100 124 409 170 500 c4s2_070923
100 725 400 793 500 c5s1_144220
101 1373 430 1413 510 c3s1_141483
101 1330 336 1382 414 c5s1_141920
102 1059 491 1123 580 c3s1_135783
102 610 396 642 463 c5s1_136395
103 1725 518 1771 566 c1s2_061496
103 1382 536 1439 593 c3s1_138683
103 716 451 751 492 c5s1_134320
104 1644 479 1704 579 c3s1_140033
104 290 430 338 532 c4s2_043873
104 362 448 445 576 c5s1_140470
105 103 508 178 620 c3s1_130408
105 405 524 465 600 c5s1_131095
106 1432 580 1499 728 c3s1_129058
106 954 454 997 558 c5s1_129720
107 72 450 187 618 c3s1_131633
107 247 548 354 736 c4s2_064523
107 18 535 136 703 c5s1_132070
108 809 518 908 604 c3s1_125483
108 457 441 543 508 c5s1_126045
109 173 398 238 487 c3s2_080953
109 487 173 511 200 c6s2_075218
110 151 553 189 604 c1s2_047871
110 183 382 218 460 c3s1_121033
110 995 417 1036 474 c5s1_121420
111 1399 458 1432 528 c1s2_055246
111 181 432 275 585 c3s1_120333
111 1315 399 1375 503 c5s1_120695
112 135 436 199 543 c3s1_122458
112 1403 463 1460 546 c5s1_122795
113 384 553 470 661 c3s1_116458
113 790 496 850 576 c5s1_117170
114 1568 490 1654 653 c3s1_110983
114 1136 355 1209 492 c5s1_111470
115 409 644 481 772 c1s2_024541
115 1362 632 1550 809 c3s1_099142
115 1013 513 1109 642 c4s2_026442
115 459 491 537 593 c5s1_099648
116 149 348 219 450 c3s1_088942
116 549 380 597 444 c5s1_090698
117 724 543 807 727 c3s1_078317
117 237 457 293 564 c5s1_078848
117 231 139 265 181 c6s1_078876
118 1602 740 1691 864 c3s1_081467
118 985 652 1065 744 c4s2_008842
119 403 633 467 706 c3s1_081542
119 847 633 906 695 c5s1_081973
119 365 136 390 163 c6s1_082126
120 1337 511 1399 663 c3s1_076192
120 273 113 303 159 c6s1_070376
121 144 386 198 456 c3s1_068242
121 503 108 533 135 c6s1_068551
122 68 475 157 571 c3s1_061642
122 491 132 510 163 c6s1_062101
123 568 640 647 748 c3s1_075492
123 1706 441 1768 513 c5s1_067173
123 457 206 476 270 c6s1_067351
124 550 522 610 621 c3s1_063992
124 398 127 417 164 c6s1_064401
125 1540 549 1592 640 c3s2_113403
125 1715 388 1753 452 c5s2_113827
125 387 219 419 268 c6s2_107568
126 366 575 532 847 c3s1_106667
126 191 420 266 554 c4s2_036842
126 413 524 573 738 c5s1_107098
127 549 473 609 594 c3s1_062642
127 367 137 422 209 c6s1_056351
128 249 511 292 583 c1s2_050821
128 1190 714 1270 853 c2s1_120816
128 149 372 219 468 c3s1_120533
129 157 550 317 686 c3s2_003371
129 963 499 1055 617 c4s3_018129
129 694 511 850 639 c5s2_004255
130 1737 495 1813 597 c3s1_049401
130 568 578 676 779 c4s1_049551
130 989 468 1096 605 c5s1_049826
130 277 189 325 278 c6s1_049951
131 1447 656 1492 728 c3s1_046401
131 371 311 392 360 c6s1_046951
132 320 773 518 1009 c3s1_044651
132 186 700 325 861 c5s1_045326
133 215 420 285 519 c3s1_060542
133 534 150 565 192 c6s1_061126
134 982 601 1065 709 c3s1_054926
134 940 460 997 527 c5s1_055373
134 430 184 455 235 c6s1_055526
135 883 461 931 537 c3s1_048076
135 431 88 454 141 c6s1_048101
136 217 465 289 561 c3s1_044601
136 695 157 719 200 c6s2_091343
137 1203 543 1358 704 c3s1_041751
137 500 108 529 179 c6s1_042351
138 648 599 693 671 c2s1_022776
138 0 332 69 490 c3s1_040426
138 406 130 436 208 c6s1_041101
139 330 444 394 568 c3s1_024626
139 163 404 211 487 c5s1_023526
139 97 154 133 235 c6s1_023426
140 1369 575 1460 701 c3s1_045976
140 755 468 823 556 c5s1_046526
140 438 205 475 263 c6s1_046576
141 944 647 1024 727 c2s2_105607
141 128 345 198 421 c3s2_108278
142 1090 714 1181 822 c2s2_118527
142 104 433 225 591 c3s2_116519
142 235 540 374 722 c5s2_116924
143 988 588 1036 644 c2s2_112827
143 410 401 461 461 c4s4_054241
144 876 703 922 807 c2s2_092682
144 639 459 714 574 c4s4_047785
144 1584 419 1664 515 c5s2_109152
144 96 259 162 373 c6s2_102868
145 1239 694 1275 750 c2s2_075257
145 1340 505 1376 559 c3s2_078453
145 1368 428 1412 488 c5s2_079177
146 180 413 247 528 c3s1_020626
146 604 371 639 419 c4s1_022651
146 1664 364 1699 434 c5s1_015751
146 435 165 481 225 c6s1_021301
147 1316 529 1388 706 c1s3_073006
147 1542 669 1631 811 c2s2_055537
147 34 349 104 480 c3s2_058287
147 622 103 645 147 c6s2_046468
148 1250 747 1278 835 c2s2_033437
148 181 407 232 456 c3s2_036187
149 870 760 958 894 c1s3_038151
149 1331 814 1398 906 c2s2_020637
150 1258 701 1326 784 c2s2_036412
150 562 428 622 501 c4s3_053979
151 1726 827 1849 1079 c1s3_047201
151 1118 833 1185 1005 c2s2_029687
151 113 465 172 612 c3s2_032462
152 1252 679 1338 786 c2s2_016487
152 183 361 269 492 c3s2_019262
152 620 92 648 144 c6s2_013418
153 434 452 501 508 c3s1_109042
153 223 452 274 496 c5s1_109648
154 1054 670 1145 758 c2s2_016187
154 159 380 243 445 c3s2_019362
155 711 691 771 796 c2s2_012112
155 191 371 250 444 c3s2_014887
156 671 666 709 754 c2s2_012212
156 573 430 653 534 c3s2_044862
156 322 367 373 434 c5s2_045530
156 30 148 57 184 c6s2_031568
157 833 833 945 913 c2s2_005437
157 1354 605 1470 709 c3s2_013487
157 889 471 969 539 c5s2_014105
157 450 134 469 179 c6s2_007518
158 1189 756 1253 799 c2s1_143941
158 9 665 132 757 c3s1_150983
158 237 560 317 625 c5s1_151670
159 1153 729 1246 846 c2s1_148716
159 79 380 159 488 c3s1_148883
160 1684 729 1770 833 c1s2_070196
160 1249 793 1297 861 c2s1_142491
161 1865 609 1919 684 c2s2_028712
161 175 333 248 441 c3s2_038062
161 476 374 506 431 c5s2_038830
161 586 89 614 131 c6s2_026693
162 952 658 1017 784 c2s1_139491
162 147 364 223 469 c3s1_139183
162 720 342 761 417 c4s2_067998
163 1170 812 1221 893 c2s1_118641
163 313 461 361 537 c3s1_118433
164 1472 582 1651 665 c2s1_117016
164 633 359 820 447 c4s2_030617
165 412 632 462 764 c2s1_103246
165 744 407 868 581 c4s2_036292
165 1226 427 1294 607 c5s1_109273
166 1644 817 1699 944 c2s2_004687
166 206 423 276 515 c3s2_007512
166 569 122 586 150 c6s2_001618
167 1122 645 1165 710 c2s2_067482
167 780 466 831 533 c3s2_064678
167 623 385 669 449 c4s4_032685
167 348 397 381 454 c5s2_070552
168 893 778 945 899 c2s1_098046
168 178 462 259 599 c3s1_098292
169 1321 673 1359 735 c2s1_096646
169 192 508 254 616 c3s1_099942
170 967 782 1021 833 c2s1_082946
170 619 422 669 485 c6s1_083751
171 1208 818 1265 874 c2s1_062046
171 176 454 225 505 c3s1_061792
172 725 737 825 855 c2s1_054026
172 172 421 228 509 c3s1_054276
172 498 124 519 162 c6s1_054876
173 1143 473 1175 522 c1s1_061781
173 1131 620 1188 708 c2s1_128191
173 1408 467 1452 537 c3s1_127933
173 1064 391 1121 501 c4s1_061857
174 681 910 761 1023 c2s1_027351
174 220 460 271 524 c3s1_027501
175 809 666 845 725 c2s1_034026
175 301 458 342 510 c3s1_034351
175 512 135 530 165 c6s1_035076
176 865 670 908 718 c2s1_005076
176 688 120 710 140 c6s1_005801
177 1305 633 1337 693 c2s1_022176
177 1581 484 1624 554 c3s1_021626
177 39 449 77 530 c4s1_013701
177 1315 441 1377 537 c5s1_021926
177 416 164 437 201 c6s1_014426
178 1370 568 1634 913 c1s4_067486
178 284 348 380 440 c3s2_128169
178 635 96 666 141 c6s2_122368
179 616 915 702 1023 c2s1_003626
179 182 434 236 509 c3s1_003826
180 1591 742 1701 858 c1s4_062561
180 52 460 100 500 c3s2_089653
181 1735 713 1867 865 c1s4_062086
181 245 428 285 479 c3s2_112178
182 116 524 154 567 c1s4_059661
182 607 102 634 123 c6s2_111243
183 1383 572 1448 648 c1s4_058161
183 1164 692 1208 735 c2s2_115802
183 639 504 675 553 c3s2_118469
184 1532 497 1567 540 c1s4_059636
184 55 226 97 265 c6s2_114118
185 766 632 846 764 c1s4_056711
185 1828 609 1864 665 c2s2_101032
185 776 467 819 532 c3s2_116394
185 546 110 567 144 c6s2_099368
186 1110 606 1172 702 c1s4_053186
186 1512 611 1572 732 c3s2_113953
186 447 510 499 602 c5s2_114574
186 163 217 202 281 c6s2_108143
187 1222 745 1398 909 c1s4_056186
187 1123 714 1167 806 c2s2_113677
187 116 436 152 498 c3s2_116269
188 698 625 779 708 c1s4_050381
188 345 501 424 570 c3s2_064228
188 494 513 577 586 c4s4_050710
188 513 128 537 157 c6s2_058343
189 1575 545 1627 610 c1s4_048906
189 665 505 716 575 c3s2_109228
190 1130 568 1166 649 c1s4_044981
190 343 466 400 554 c3s2_105228
190 539 139 566 173 c6s2_099318
191 962 666 1084 752 c1s4_064511
191 0 444 38 508 c3s2_119569
191 452 179 466 201 c6s2_114268
192 1299 658 1497 779 c1s4_047506
192 1168 730 1244 803 c2s2_104957
193 63 926 239 1074 c1s4_047481
193 1072 825 1155 895 c2s2_104707
193 120 436 164 485 c3s2_107178
194 366 516 409 567 c1s4_055461
194 1232 511 1280 568 c3s2_112828
194 131 439 169 490 c5s2_113077
194 591 142 616 179 c6s2_106543
195 238 553 329 701 c1s4_032081
195 1601 625 1647 706 c2s2_089582
195 453 402 517 480 c3s2_064353
196 1569 639 1691 756 c1s4_036531
196 699 759 755 851 c2s2_094082
196 246 497 303 564 c4s4_035835
196 424 359 517 492 c6s2_090868
197 1526 467 1559 534 c1s4_043156
197 559 442 607 538 c3s2_106203
197 1526 336 1558 400 c4s4_037385
197 842 441 955 628 c5s2_098927
197 682 100 715 145 c6s2_099743
198 1264 479 1312 559 c1s4_043256
198 199 377 249 470 c3s2_103103
198 1327 333 1355 376 c4s4_054766
198 906 367 949 423 c5s2_104952
198 508 160 543 215 c6s2_100918
199 1444 571 1490 633 c1s4_037506
199 139 459 220 524 c3s2_097778
199 258 457 306 500 c5s2_098452
199 615 140 644 170 c6s2_091943
200 860 491 904 564 c1s4_019456
200 1642 528 1699 654 c3s2_061528
200 281 409 311 481 c4s3_074010
200 464 396 515 463 c5s2_080327
200 98 201 154 290 c6s2_055643
201 1004 689 1109 775 c1s4_026756
201 1354 552 1405 603 c3s2_087428
201 451 507 556 593 c4s4_027160
202 1272 499 1305 645 c1s4_049256
202 1044 586 1120 766 c3s2_109253
202 283 468 315 597 c5s2_109202
202 456 195 486 289 c6s2_102718
203 431 555 495 718 c1s4_017781
203 287 395 328 471 c5s2_103677
204 482 565 546 634 c1s4_017881
204 691 403 729 451 c4s4_018210
205 106 656 218 828 c1s4_013106
205 461 482 537 576 c3s2_082453
205 345 433 389 484 c5s2_083077
206 941 472 974 516 c1s3_073481
206 693 510 760 636 c3s2_070228
206 51 417 83 474 c4s3_073835
206 1790 370 1833 450 c5s2_061877
206 481 189 530 260 c6s2_064493
207 1269 715 1678 1041 c1s4_032481
207 928 678 1055 778 c2s2_090107
207 162 436 310 604 c3s2_071703
207 552 125 588 188 c6s2_086768
208 479 548 602 760 c1s4_005581
208 12 332 88 461 c3s2_084278
209 420 638 461 780 c1s4_050331
209 1725 743 1792 851 c2s2_067232
209 571 487 614 566 c3s2_064228
209 805 534 901 684 c4s3_063104
209 796 626 930 795 c5s2_049480
209 486 224 544 299 c6s2_105243
210 312 567 338 619 c1s4_066936
210 496 453 540 510 c3s2_065053
210 953 419 1010 473 c4s4_010010
210 1826 390 1869 445 c5s2_126774
210 132 166 164 197 c6s2_043343
211 1232 675 1481 1030 c1s3_070126
211 1321 700 1394 799 c2s2_065207
211 132 388 207 471 c3s2_067978
212 1723 534 1754 586 c1s3_072501
212 37 785 165 895 c3s2_057562
212 904 665 950 767 c4s3_061929
212 970 678 1034 762 c5s2_048305
213 999 611 1149 846 c1s3_068776
213 1474 709 1547 829 c2s2_061657
213 276 376 338 470 c3s2_064403
213 573 103 603 141 c6s2_048818
214 697 517 770 613 c1s4_002431
214 1330 498 1443 653 c3s2_086578
214 258 417 339 521 c5s2_087152
214 605 137 638 180 c6s2_057268
215 1503 593 1538 658 c1s3_063451
215 1477 810 1541 867 c2s2_046087
215 1632 434 1672 496 c4s3_062579
215 470 297 505 346 c6s2_042918
216 1621 438 1691 542 c1s3_063801
216 728 398 806 519 c5s2_054780
217 605 558 694 686 c1s3_051651
217 325 478 413 574 c3s2_051262
217 459 422 521 479 c5s2_051930
217 583 114 614 154 c6s2_031618
218 1034 563 1110 651 c1s3_063151
218 815 609 851 649 c2s2_046112
218 109 385 158 458 c3s2_034287
219 803 563 886 684 c1s3_072326
219 922 513 994 621 c3s2_058512
219 301 452 357 517 c5s2_059055
219 576 108 601 142 c6s2_052818
220 1485 476 1526 524 c1s3_049926
220 595 173 629 213 c6s2_029493
221 1391 508 1432 551 c1s3_048751
221 330 486 400 543 c3s2_050912
221 1386 414 1429 452 c5s2_051705
222 332 555 399 678 c1s3_045026
222 972 462 1039 554 c3s2_039987
222 321 394 383 474 c5s2_040505
223 1781 829 1861 952 c1s3_039101
223 851 723 889 777 c2s2_021537
223 829 550 862 612 c3s2_035987
223 315 465 350 509 c5s2_036555
223 605 128 619 155 c6s2_030043
224 1517 537 1643 740 c1s3_040801
224 1116 616 1164 702 c2s2_036662
224 38 378 124 502 c3s2_039237
224 615 106 639 151 c6s2_020718
225 175 678 242 721 c1s3_038401
225 1159 798 1192 836 c2s2_035062
225 288 443 334 484 c3s2_037837
225 605 135 616 152 c6s2_018568
226 956 533 1084 645 c1s3_036076
226 1542 496 1647 611 c3s2_021562
226 1064 401 1172 495 c5s2_021755
227 1442 702 1550 822 c1s3_035926
227 1201 785 1253 877 c2s1_125116
228 518 569 796 933 c1s3_035926
228 1670 631 1807 899 c2s2_020612
229 1204 617 1375 873 c1s3_032476
229 1347 727 1438 843 c2s2_024462
229 112 377 198 481 c3s2_027187
230 1042 652 1090 711 c1s3_031601
230 1155 723 1196 764 c2s2_014262
230 1606 561 1646 597 c3s2_016887
230 1646 511 1703 575 c4s3_030754
231 1353 561 1458 721 c1s3_029651
231 601 487 665 587 c3s2_027762
231 259 408 309 484 c5s2_028355
231 609 108 637 148 c6s2_009568
232 1212 528 1295 667 c1s3_024851
232 1692 641 1724 708 c2s2_016362
232 277 369 329 466 c3s2_010587
232 476 422 509 505 c4s3_032979
232 1659 361 1713 449 c5s2_019430
232 647 109 677 151 c6s2_004743
233 1752 728 1880 905 c1s3_016396
233 1151 788 1207 882 c2s1_163666
233 196 472 248 555 c3s2_001721
234 901 594 1054 694 c1s3_027801
234 1831 667 1864 719 c2s2_026312
234 185 378 233 446 c3s2_013562
234 345 402 385 437 c5s2_029680
234 579 111 592 136 c6s2_023068
235 1271 517 1387 595 c1s3_010521
235 224 636 320 728 c3s2_011512
235 549 586 635 659 c4s3_026479
235 227 448 281 512 c5s2_012280
235 328 194 356 221 c6s2_005743
236 288 613 348 713 c1s3_002146
236 1260 556 1320 668 c4s4_048210
236 1351 489 1421 594 c5s2_109527
236 283 244 361 310 c6s2_103268
237 1404 577 1477 717 c1s3_032101
237 0 460 104 632 c3s2_017987
237 1384 472 1525 623 c4s4_017185
237 229 481 334 610 c5s2_057780
237 265 211 333 305 c6s2_051468
238 1729 591 1869 792 c1s3_010046
238 1254 682 1318 752 c2s2_011187
238 68 385 151 460 c3s2_013912
239 1640 537 1691 575 c1s3_003646
239 737 577 801 629 c3s2_001921
239 130 492 178 528 c5s2_002483
240 1445 488 1536 641 c1s3_010146
240 1377 594 1421 688 c2s1_157091
240 1721 303 1753 359 c4s3_027579
241 1536 584 1653 764 c1s3_015696
241 1444 615 1480 665 c2s1_146741
241 1689 495 1739 574 c3s1_146408
241 516 464 586 547 c5s1_146895
242 1340 529 1375 573 c1s3_001321
242 754 462 786 497 c4s3_001548
243 1005 484 1112 674 c1s3_001171
243 1617 581 1689 688 c2s1_148216
243 400 351 464 495 c3s1_148658
243 130 384 179 457 c5s1_157795
244 864 606 1056 881 c1s2_071621
244 1180 461 1311 638 c4s3_003823
245 536 492 584 568 c1s2_067196
245 822 386 882 482 c4s2_067998
246 1388 608 1447 704 c1s2_056446
246 1397 748 1448 832 c2s1_128866
246 921 527 969 610 c3s1_128633
247 1402 476 1440 535 c1s4_022131
247 645 477 701 553 c3s2_082478
247 839 382 879 438 c5s2_083177
248 1055 659 1146 780 c1s2_063546
248 1209 721 1289 775 c2s1_135891
248 1165 529 1214 602 c3s1_135583
248 1366 496 1442 588 c4s2_050923
248 626 602 770 710 c5s1_135945
249 593 795 701 934 c1s4_048256
249 1047 759 1103 843 c2s1_128316
250 1427 707 1542 883 c1s2_052746
250 1189 821 1304 913 c2s2_018387
250 85 436 120 493 c3s2_021087
251 1034 580 1192 860 c1s2_050246
251 1353 630 1413 746 c2s1_129816
251 1864 453 1920 576 c3s1_129533
251 1443 455 1580 691 c4s2_050723
251 1082 364 1141 448 c5s1_130120
252 1466 590 1640 873 c1s2_056696
252 1376 646 1430 734 c2s1_131566
252 256 358 323 463 c3s1_130533
253 1716 441 1759 506 c1s3_054076
253 216 367 313 487 c3s2_013712
253 1313 366 1354 438 c5s2_040255
253 469 135 502 186 c6s2_007818
254 1444 473 1503 588 c1s2_045321
254 1377 671 1468 802 c2s1_125816
254 240 344 323 459 c3s1_125533
255 1860 419 1912 495 c1s4_042631
255 126 327 180 437 c3s2_094103
255 157 398 222 482 c4s4_042685
255 553 146 576 200 c6s2_097218
256 884 483 927 543 c1s2_032366
256 726 474 793 598 c3s1_104367
256 110 530 223 726 c4s2_043048
256 1663 355 1719 433 c5s1_116270
257 1196 612 1271 693 c1s4_037806
257 249 414 301 470 c3s2_074353
258 1517 872 1697 1003 c1s2_027616
258 1241 849 1317 932 c2s1_099946
259 1399 778 1514 920 c1s2_025041
259 376 455 419 491 c5s1_098248
260 656 609 707 653 c1s2_020466
260 596 452 629 484 c4s2_019442
260 656 511 713 549 c5s1_045151
260 630 237 669 264 c6s1_044801
261 1052 756 1100 813 c1s2_006966
261 557 544 613 592 c4s2_007717
262 1231 631 1295 720 c1s2_020466
262 528 545 577 618 c3s1_112133
262 298 451 325 494 c5s1_093423
263 1599 734 1669 890 c1s2_014666
263 1370 823 1453 938 c2s1_086946
264 264 414 336 535 c3s2_020387
264 796 390 839 468 c5s2_021080
264 310 134 344 183 c6s2_006968
265 908 547 1023 700 c1s2_006491
265 969 631 1013 704 c2s1_078696
265 536 473 619 607 c4s2_006742
265 627 255 665 369 c6s1_079526
266 501 940 635 1079 c1s2_004191
266 1221 740 1256 820 c2s1_076496
266 1420 574 1484 666 c3s1_050976
266 1532 429 1580 489 c4s2_005392
266 934 437 969 494 c5s1_051776
266 276 224 307 274 c6s1_051501
267 953 589 1042 688 c1s2_052121
267 1592 743 1697 816 c2s1_094446
267 921 499 1004 550 c3s1_088617
267 539 186 558 232 c6s2_004468
268 1388 569 1520 722 c1s2_016591
268 1436 734 1519 849 c2s1_090821
268 111 382 194 471 c3s1_090192
269 240 548 304 682 c1s2_009266
269 1621 638 1669 718 c2s1_079196
269 600 103 626 144 c6s1_080501
270 752 672 870 811 c1s2_000366
270 928 643 968 710 c2s1_072546
270 1123 441 1185 535 c5s1_073548
270 514 251 563 330 c6s1_073426
271 189 510 238 580 c1s1_068956
271 453 371 484 416 c4s1_068932
272 1706 577 1835 741 c1s3_034701
272 1818 654 1870 753 c2s2_029637
272 0 374 61 455 c3s2_032237
272 636 95 656 137 c6s2_014593
273 1510 540 1649 770 c1s2_002141
273 880 596 920 650 c2s1_079396
273 368 380 435 490 c3s1_078767
273 508 98 535 139 c6s1_075201
274 384 585 467 673 c3s1_095292
274 1219 459 1273 524 c5s1_096023
275 1682 578 1816 806 c1s1_062956
275 933 607 984 671 c2s1_067346
275 226 363 280 447 c3s1_062592
275 423 388 459 448 c5s1_067623
276 66 612 125 748 c1s2_006391
276 1694 671 1732 770 c2s1_063321
276 822 427 937 567 c5s1_078848
276 470 141 494 196 c6s1_064076
277 431 979 615 1079 c1s1_060331
277 1295 841 1357 916 c2s1_059846
278 1362 593 1648 948 c1s1_062831
278 1376 503 1569 645 c3s1_017876
278 1277 412 1472 575 c5s1_062973
278 75 207 245 352 c6s1_011451
279 1308 630 1394 726 c1s1_060131
279 924 681 978 741 c2s1_059846
280 1623 545 1768 778 c1s1_054676
280 1278 698 1372 830 c2s1_065146
280 15 364 91 485 c3s1_064892
281 1040 740 1158 824 c1s1_058006
281 1106 710 1149 753 c2s1_046476
281 320 419 369 459 c3s1_054451
281 607 133 632 154 c6s1_051776
282 989 529 1027 599 c1s1_060131
282 1350 466 1385 526 c3s1_060542
282 790 426 841 480 c5s1_059523
282 588 298 616 366 c6s1_059401
283 1641 542 1714 625 c1s1_056181
283 1816 780 1878 876 c2s1_000801
283 969 489 1012 537 c3s1_000826
283 1340 473 1415 583 c4s1_001476
283 995 438 1063 516 c5s1_001526
284 930 567 1013 669 c1s1_039876
284 413 452 465 532 c4s1_040151
285 966 589 1033 723 c1s1_047076
285 207 391 259 474 c3s1_058567
285 242 105 267 135 c6s1_045801
286 123 542 217 676 c1s1_024426
286 201 349 277 432 c3s1_031176
286 593 98 609 134 c6s1_024876
287 1178 656 1243 740 c1s1_032076
287 111 441 151 489 c3s1_023451
288 1005 668 1168 975 c1s1_035201
288 1029 693 1086 781 c2s1_039826
288 44 384 133 515 c3s1_039526
288 577 107 599 152 c6s1_035426
289 1850 439 1894 525 c1s1_030426
289 203 340 279 445 c3s1_027701
290 1641 569 1913 943 c1s1_026376
290 1397 774 1681 1066 c2s1_025851
290 152 409 320 601 c3s1_026151
291 1183 489 1331 631 c1s2_033491
291 1439 721 1919 970 c2s1_105871
291 1568 503 1919 754 c3s1_018326
291 871 382 1219 566 c4s4_051735
291 733 428 1006 639 c5s1_019126
291 0 199 232 414 c6s1_019176
292 878 596 974 760 c1s1_009226
292 205 378 240 461 c3s1_008901
293 121 529 167 597 c1s1_009026
293 330 401 363 452 c4s1_009076
294 1664 625 1812 860 c1s3_064601
294 1153 718 1229 839 c2s2_047112
294 221 387 273 478 c3s2_024112
295 1545 472 1576 512 c1s1_024551
295 984 701 1022 749 c2s2_020637
295 1796 500 1829 543 c3s1_023926
295 734 489 844 585 c4s3_058554
295 729 373 760 418 c5s2_045330
295 0 178 31 227 c6s1_024601
296 265 527 308 567 c1s1_006951
296 311 395 352 431 c4s1_006951
297 398 502 478 617 c1s1_004626
297 843 347 889 412 c4s1_005001
298 364 483 415 542 c5s2_130499
298 600 145 625 188 c6s2_123943
299 997 641 1048 709 c2s2_122602
299 710 493 774 601 c3s2_120694
299 201 436 249 500 c5s2_121224
299 627 162 647 206 c6s2_115068
300 886 645 943 744 c1s1_001926
300 919 712 986 774 c2s1_001226
300 1136 507 1182 551 c3s1_001401
300 290 521 357 580 c4s1_002151
300 1435 451 1514 515 c5s1_002176
301 261 497 353 580 c3s2_096203
301 576 147 612 181 c6s2_090343
302 1769 471 1807 531 c1s1_005401
302 606 761 670 879 c2s1_004326
302 929 506 964 550 c3s1_004526
302 950 706 1071 850 c4s1_005551
302 588 244 618 302 c6s1_005276
303 138 737 198 812 c1s1_055231
303 262 414 306 476 c6s1_054776
304 807 953 1096 1079 c1s4_068586
304 913 639 1173 994 c4s5_003154
305 1564 407 1676 605 c4s1_045251
305 1453 503 1552 799 c5s1_045401
306 810 393 846 445 c4s4_058966
306 358 134 384 167 c6s2_112818
307 700 591 776 671 c4s3_018104
307 1145 567 1202 624 c5s2_004305
308 206 558 268 633 c1s1_022376
308 349 418 408 478 c4s1_022326
309 525 476 557 520 c1s1_020626
309 728 335 777 397 c4s1_020526
310 195 499 255 572 c3s2_084253
310 595 148 622 187 c6s2_078318
311 1481 540 1538 604 c3s2_078878
311 283 181 310 218 c6s2_052093
312 138 468 200 564 c3s2_083403
312 470 133 489 164 c6s2_077493
313 5 497 85 578 c3s2_044537
313 0 486 55 530 c5s2_045180
313 492 220 520 256 c6s2_038818
314 1584 692 1716 901 c1s1_013451
314 1329 740 1479 964 c3s1_008701
314 1036 656 1172 833 c4s1_008876
314 872 620 990 780 c5s1_009151
314 213 152 231 190 c6s1_009351
315 1090 596 1115 645 c2s2_058282
315 32 393 75 500 c3s2_017812
316 1244 569 1343 719 c1s3_025826
316 120 377 172 477 c3s2_010987
317 792 452 861 555 c3s1_095142
317 475 398 521 474 c5s1_095748
318 368 764 432 850 c2s1_081646
318 313 396 373 460 c3s1_081717
319 205 423 241 466 c3s2_046037
319 591 109 610 137 c6s2_040243
320 1802 611 1919 723 c1s4_058061
320 1219 738 1295 830 c2s2_115552
321 1130 535 1166 583 c1s1_041426
321 1776 686 1838 729 c2s1_041151
322 1321 499 1381 569 c1s4_057786
322 380 454 452 506 c5s2_118724
323 1728 566 1801 690 c1s4_050931
323 1452 792 1533 878 c2s2_108507
324 1564 617 1682 725 c1s4_047256
324 14 406 70 466 c3s2_107403
325 599 508 666 624 c3s1_149033
325 314 446 371 508 c5s1_121320
326 888 518 1008 706 c1s3_032776
326 1463 608 1525 700 c2s2_022587
326 4 349 55 483 c3s2_024962
327 1511 590 1675 742 c1s3_050001
327 1014 652 1071 728 c2s2_032562
328 1177 550 1236 601 c1s3_039276
328 249 422 345 470 c3s2_129319
329 1443 785 1609 999 c1s4_013231
329 213 457 269 549 c3s2_073503
330 1714 783 1808 912 c1s2_052521
330 83 450 131 530 c3s1_128883
331 1664 690 1830 846 c1s2_022341
331 966 716 1036 780 c2s1_089071
332 1107 617 1151 665 c2s2_028037
332 300 410 354 464 c3s2_001321
333 1797 712 1899 814 c1s2_019491
333 1394 852 1474 925 c2s1_091821
334 1261 457 1283 483 c1s2_067696
334 1798 342 1871 402 c4s2_072373
335 1680 809 1897 1017 c1s2_008391
335 204 479 303 587 c3s1_048351
335 550 164 583 202 c6s1_080976
336 1432 891 1523 1020 c1s2_009591
336 864 711 902 773 c2s1_081796
337 1227 604 1263 669 c1s1_045376
337 1215 353 1250 418 c4s1_062932
337 588 168 625 229 c6s1_045126
338 240 646 358 745 c1s4_065661
338 179 431 238 488 c5s2_125624
338 522 198 571 255 c6s2_119318
339 1408 716 1529 804 c1s3_032151
339 440 526 494 572 c3s2_027537
339 587 262 630 296 c6s2_019018
340 1200 785 1401 967 c4s4_059866
340 992 660 1097 823 c5s2_120999
341 1080 563 1128 625 c1s3_033376
341 1126 505 1170 569 c3s2_018862
341 942 415 977 471 c5s2_019480
342 313 479 354 549 c4s2_070698
342 901 476 960 565 c5s1_143995
343 1431 511 1480 570 c1s1_042776
343 992 689 1036 785 c2s1_045276
343 178 370 234 479 c6s1_042526
344 514 449 571 545 c3s2_025262
344 1272 392 1323 481 c4s3_057979
344 1637 353 1691 452 c5s2_044580
345 1442 680 1522 779 c4s4_048910
345 682 662 755 724 c5s2_110052
346 928 546 985 616 c1s2_006041
346 1635 655 1691 731 c2s1_078646
346 820 475 903 596 c4s2_005392
347 1720 452 1765 519 c4s4_061016
347 1052 442 1135 520 c5s2_120899
347 119 243 166 288 c6s2_114243
348 1580 484 1618 544 c3s1_033351
348 80 473 128 553 c4s1_034051
349 151 505 226 581 c3s2_119419
349 112 504 180 558 c5s2_120299
350 1695 445 1731 491 c1s1_063556
350 474 369 507 423 c4s1_065782
351 1091 587 1161 660 c1s4_047306
351 668 505 754 565 c3s2_107528
351 405 428 448 468 c5s2_108152
351 596 153 623 184 c6s2_101643
352 1620 495 1660 533 c1s4_006181
352 1068 489 1138 559 c3s2_066678
352 637 422 678 463 c5s2_092627
353 645 523 681 622 c3s2_071028
353 405 430 443 497 c5s2_071652
354 1610 794 1650 902 c2s2_014612
354 810 518 922 657 c3s2_055187
354 374 415 422 495 c5s2_055830
355 1728 457 1755 490 c1s3_068151
355 960 591 1046 720 c3s2_053837
355 1683 429 1743 505 c4s3_067829
356 1195 488 1221 552 c1s3_035326
356 1183 538 1227 653 c3s2_016937
356 616 417 667 506 c5s2_017480
357 1488 485 1552 536 c1s3_026551
357 425 559 617 680 c3s2_012412
357 117 445 165 509 c4s3_025204
357 1036 444 1180 533 c5s2_012680
357 468 127 490 168 c6s2_006668
358 1813 459 1851 511 c1s2_066246
358 1437 525 1516 647 c3s1_138508
358 520 430 569 526 c4s2_066248
358 844 473 946 610 c5s1_131495
359 1465 475 1497 519 c1s3_007846
359 677 657 798 833 c3s1_154808
359 1432 393 1465 450 c4s3_007873
359 828 510 887 630 c5s1_155495
360 1588 500 1629 552 c1s2_032516
360 777 559 855 629 c3s1_104367
361 1589 665 1696 775 c2s1_082596
361 1315 489 1414 629 c3s1_082942
362 924 570 972 663 c1s3_038451
362 1840 623 1900 693 c2s2_022162
362 1088 447 1132 507 c3s1_120533
362 822 354 857 402 c5s1_120995
363 930 763 970 820 c2s1_067221
363 108 511 184 589 c3s1_067492
363 674 174 708 198 c6s1_068001
364 1611 791 1683 901 c2s2_125527
364 587 123 611 151 c6s2_122418
365 674 540 731 648 c1s4_041381
365 1689 612 1740 682 c2s2_105432
365 1040 500 1104 605 c3s2_107553
365 501 104 528 138 c6s2_096293
366 1500 754 1551 848 c2s2_104882
366 77 404 152 488 c3s2_107378
366 634 114 658 150 c6s2_101543
367 1657 654 1759 780 c1s4_020506
367 1363 781 1417 870 c2s2_078007
367 206 470 275 544 c3s2_080803
368 962 890 1066 1008 c2s2_080357
368 201 204 243 259 c6s2_086593
369 393 767 604 911 c2s2_068182
369 253 382 393 497 c3s2_074653
369 615 107 654 158 c6s2_068868
370 1348 805 1399 888 c2s2_044412
370 162 478 221 566 c3s2_047162
371 1670 461 1737 512 c1s3_035001
371 736 807 795 877 c2s2_022062
372 531 470 601 556 c1s4_023481
372 768 555 876 629 c2s2_037762
372 247 380 422 464 c4s4_024910
373 1688 496 1744 595 c1s3_008721
373 1353 761 1439 903 c2s1_155916
373 208 399 294 466 c3s1_135433
374 486 771 540 822 c2s1_148341
374 384 416 427 451 c5s1_154745
375 1222 689 1302 845 c2s1_132366
375 278 398 324 481 c3s1_132158
376 814 710 926 865 c2s1_131316
376 67 379 150 484 c3s1_131508
377 620 672 660 736 c1s2_038896
377 1418 722 1467 797 c2s1_104146
377 752 478 806 526 c3s1_104242
377 339 457 372 497 c5s1_111470
378 962 750 1093 858 c1s2_044246
378 1290 754 1358 819 c2s1_116566
379 1465 517 1700 670 c2s1_124766
379 1077 298 1193 379 c4s2_052023
380 37 557 75 614 c1s1_069681
380 829 659 883 715 c2s1_068521
380 114 430 157 494 c3s1_059967
380 631 133 659 160 c6s1_060501
381 1212 541 1359 793 c1s4_052861
381 673 97 699 144 c6s2_107768
382 1740 625 1800 703 c1s4_067461
382 1059 684 1079 727 c2s2_078157
383 914 504 1072 728 c1s4_052481
383 1054 665 1167 813 c2s2_124177
383 101 332 184 440 c3s2_126169
384 1836 492 1882 562 c1s4_044606
384 1324 711 1388 781 c2s2_116827
384 638 127 659 164 c6s2_099418
385 1216 646 1289 774 c2s1_012376
385 844 464 906 537 c3s1_011826
385 1712 331 1822 407 c4s1_009376
386 713 596 826 764 c1s4_049556
386 1212 733 1308 889 c2s2_123602
386 641 111 668 162 c6s2_104543
387 1640 496 1852 795 c1s4_012981
387 935 657 994 751 c2s2_070432
388 1567 516 1613 581 c1s4_021206
388 1222 649 1278 713 c2s2_078882
389 1087 804 1256 1012 c1s4_022431
389 82 413 126 486 c3s2_099053
389 1475 488 1539 590 c4s4_045235
389 562 115 592 149 c6s2_093318
390 1260 704 1368 838 c1s3_074581
390 1301 756 1363 826 c2s2_057107
391 1806 558 1919 754 c1s3_067851
391 96 383 188 491 c3s2_065778
391 587 103 612 141 c6s2_047768
392 1481 505 1605 657 c1s3_037401
392 864 588 907 650 c2s2_031637
392 722 436 796 539 c3s2_034287
392 545 374 585 433 c5s2_034930
393 1335 587 1479 764 c1s4_028881
393 1056 646 1116 726 c2s2_120127
393 310 366 377 465 c3s2_122794
394 1625 567 1815 810 c1s3_013296
394 1337 695 1415 800 c2s1_163266
394 186 375 259 463 c3s2_001346
394 450 387 486 436 c5s2_002108
395 1539 581 1599 651 c1s3_032176
395 631 600 715 676 c3s2_057162
395 1324 465 1388 522 c4s4_017185
395 764 527 812 591 c5s2_078077
395 171 198 208 240 c6s2_051768
396 83 562 143 622 c1s4_058786
396 381 412 435 461 c5s2_117799
397 1649 612 1708 701 c1s2_060771
397 960 676 1004 740 c2s1_115466
397 310 421 358 465 c3s1_115683
398 1096 551 1146 584 c1s3_017526
398 1609 465 1682 519 c5s2_003458
399 148 556 236 770 c1s2_053796
399 1273 607 1333 699 c2s2_001387
399 151 354 206 462 c3s2_004037
400 895 606 919 651 c2s1_079696
400 103 388 141 455 c3s1_080317
400 523 104 545 138 c6s1_080876
401 1638 564 1761 754 c1s3_047876
401 1845 641 1899 716 c2s2_040887
401 125 405 166 467 c3s2_033612
401 355 398 405 465 c5s2_044205
401 656 99 682 137 c6s2_027768
402 1486 627 1566 731 c1s2_039046
402 1136 697 1192 756 c2s1_111291
402 915 504 953 561 c3s1_132108
403 1066 647 1259 920 c1s2_027691
403 176 411 260 534 c3s1_104892
404 1453 502 1520 618 c1s2_053321
404 1380 666 1436 741 c2s1_125491
404 137 370 201 470 c3s1_137958
405 1418 544 1466 627 c1s2_015316
405 1823 654 1861 729 c2s1_087496
406 1432 564 1480 658 c1s2_025441
406 1797 686 1833 750 c2s1_116966
406 630 534 738 633 c3s1_116733
406 559 443 599 494 c5s1_098323
407 1652 576 1791 792 c1s2_018666
407 1271 636 1322 717 c2s1_109296
407 354 375 389 429 c4s2_040023
407 331 415 372 475 c5s1_109573
408 1201 468 1245 552 c1s2_003816
408 474 87 504 134 c6s1_076901
409 1015 508 1135 693 c1s1_070781
409 875 665 961 762 c2s1_070146
409 1218 343 1274 405 c5s1_071098
410 1491 471 1567 541 c1s1_067256
410 984 698 1060 789 c2s1_066846
410 995 359 1052 416 c4s1_066607
411 503 672 552 766 c1s1_066781
411 1414 718 1468 782 c2s1_066146
412 1042 671 1104 767 c1s1_066706
412 1708 781 1752 857 c2s1_066171
413 1084 430 1199 538 c1s1_011426
413 1574 543 1873 733 c2s2_026437
413 381 326 792 558 c4s1_012776
414 669 737 849 898 c1s1_063656
414 1485 673 1534 730 c2s1_066546
414 17 436 113 519 c3s1_066117
415 1523 606 1587 689 c1s1_062631
415 837 534 885 594 c3s1_067742
415 402 433 443 493 c5s1_068323
416 249 633 335 863 c1s1_062031
416 646 381 694 464 c4s1_064057
417 1655 621 1751 779 c1s2_002116
417 1008 697 1068 770 c2s1_074421
417 84 393 178 476 c3s1_074117
417 571 112 590 140 c6s1_070076
418 1416 499 1461 559 c1s1_045426
418 1404 615 1437 675 c2s1_152691
418 1612 508 1676 586 c3s1_044751
418 1125 407 1181 471 c5s1_042526
419 1848 439 1883 509 c1s1_052801
419 663 452 712 556 c3s1_052276
419 507 134 542 194 c6s1_052826
420 37 588 142 709 c1s1_045426
420 1769 626 1821 694 c2s1_044626
420 425 486 533 598 c3s1_045426
421 247 540 303 676 c1s1_039701
421 1779 613 1839 705 c2s1_038751
421 106 362 144 459 c3s1_039451
422 61 485 213 835 c1s2_020866
422 1548 594 1612 752 c2s1_095096
422 902 414 959 514 c3s1_089292
423 1281 526 1477 839 c1s1_019201
423 551 436 616 575 c3s1_020501
424 1410 539 1574 796 c1s1_035901
424 1392 601 1454 674 c2s1_087896
424 479 393 541 493 c3s1_041001
424 333 387 373 447 c5s1_041626
424 495 92 521 134 c6s1_036201
425 81 577 145 663 c1s2_002641
425 1427 633 1463 685 c2s1_074846
426 192 480 518 966 c1s1_017976
426 1315 585 1523 818 c2s1_017476
426 294 328 423 565 c3s1_036426
427 195 584 278 667 c4s4_027135
427 780 433 828 484 c5s2_088052
428 1197 513 1265 601 c1s1_000401
428 416 207 453 274 c6s1_000476
429 384 430 723 610 c1s1_052426
429 1113 266 1607 510 c4s3_067729
429 1435 273 1843 458 c5s1_052426
430 911 675 965 745 c2s2_084057
430 1296 469 1360 539 c5s2_088177
431 581 460 667 568 c3s2_117194
431 584 375 628 434 c5s2_117924
432 1328 535 1385 602 c1s3_044426
432 1592 669 1635 729 c2s2_027087
433 531 816 607 886 c2s1_074846
433 561 142 576 160 c6s1_075701
434 1383 552 1427 601 c1s4_061136
434 1108 415 1160 459 c5s2_122299
435 1676 452 1743 554 c1s3_032901
435 228 345 285 450 c3s2_018287
436 1116 606 1314 900 c1s2_006291
436 120 381 193 515 c3s1_094817
437 1303 497 1467 751 c1s1_071481
437 938 588 990 658 c2s1_076671
438 0 327 275 672 c1s2_027466
438 1638 442 1919 723 c2s1_096871
438 1393 326 1853 553 c3s1_112008
438 1189 220 1557 436 c5s1_105273
439 1321 472 1373 539 c1s4_009206
439 790 474 873 570 c3s2_069553
439 917 385 966 434 c5s2_070252
439 563 161 615 204 c6s2_063693
440 1573 841 1621 988 c2s1_050601
440 365 446 406 508 c3s1_050701
440 687 135 716 175 c6s1_051376
441 1674 812 1781 989 c4s3_008073
441 239 547 373 745 c5s1_156095
442 268 371 347 493 c3s1_113708
442 1125 338 1163 395 c4s2_045373
442 1750 439 1817 547 c5s1_117445
443 1177 468 1225 525 c4s2_019942
443 517 601 581 660 c5s1_092748
444 1837 428 1883 490 c1s2_069896
444 373 426 445 552 c4s2_069873
445 1156 505 1244 631 c1s1_047201
445 1200 597 1232 657 c2s1_055546
445 1164 442 1216 516 c3s1_054451
445 992 361 1041 433 c5s1_054876
445 572 136 611 197 c6s1_047476
446 813 508 863 580 c3s2_111328
446 439 441 477 489 c5s2_111877
446 589 197 621 231 c6s2_105343
447 573 500 623 550 c3s2_070278
447 259 426 290 466 c5s2_064752
448 987 649 1028 705 c2s1_119466
448 707 417 743 463 c5s1_119720
449 1776 633 1843 757 c1s3_009096
449 447 762 629 907 c3s1_154158
449 364 670 490 801 c5s1_151320
450 1232 532 1299 653 c1s4_053186
450 1344 958 1552 1081 c3s2_118769
450 559 444 616 536 c5s2_119524
450 21 173 48 202 c6s2_110443
451 1657 490 1785 678 c1s1_046351
451 918 425 998 602 c4s1_046676
451 384 164 415 245 c6s1_046576
452 976 795 1036 868 c2s2_125227
452 589 133 607 162 c6s2_122743
453 44 577 159 692 c3s2_060778
453 1157 615 1280 733 c4s4_000460
453 438 633 553 759 c5s2_061552
454 1831 565 1912 651 c1s2_046146
454 1367 734 1416 810 c2s1_118466
454 1263 537 1336 620 c3s2_000871
455 866 513 910 578 c1s4_067311
455 1577 514 1625 619 c4s4_066766
455 1190 429 1242 501 c5s2_128249
456 1258 552 1379 737 c1s4_014231
456 1248 682 1320 775 c2s2_079432
456 45 356 126 471 c3s2_082153
456 661 111 690 142 c6s2_069118
457 1784 816 1910 995 c1s4_013456
457 1367 774 1424 857 c2s2_095357
457 1140 625 1219 735 c3s2_097878
457 379 500 431 569 c5s2_098452
457 590 143 614 178 c6s2_068693
458 568 456 672 552 c1s1_004376
458 426 571 519 693 c2s1_008001
459 1395 684 1455 780 c2s1_052276
459 518 100 536 138 c6s1_052551
460 1618 526 1781 756 c1s3_049126
460 996 655 1068 751 c2s2_056057
461 722 620 781 706 c1s3_010396
461 1453 816 1561 926 c2s1_157791
461 281 530 377 622 c4s3_026454
462 1018 608 1096 699 c1s3_058251
462 1099 646 1139 701 c2s2_041362
462 168 478 219 556 c3s2_043537
462 341 441 389 497 c5s2_044205
462 508 127 524 156 c6s2_037643
463 1546 550 1589 622 c1s2_044596
463 496 536 584 644 c3s1_116783
463 460 431 498 488 c5s1_098323
464 1593 505 1631 562 c1s2_070971
464 1206 527 1254 578 c3s1_143233
464 293 552 326 609 c5s1_143445
465 460 482 503 537 c1s1_053251
465 1077 348 1121 413 c4s1_054026
466 671 512 762 646 c1s1_028051
466 605 366 654 431 c5s1_030526
467 551 801 674 935 c1s2_050471
467 1431 754 1501 826 c2s1_122766
467 1152 534 1195 594 c3s1_122933
467 213 719 358 832 c4s2_050823
467 1053 468 1088 533 c5s1_123670
468 1188 464 1224 531 c1s4_021506
468 517 417 589 511 c3s2_075253
468 1291 347 1327 407 c5s2_082627
469 858 604 920 714 c1s1_005401
469 249 394 309 470 c3s2_116269
469 88 147 112 178 c6s1_005751
470 1400 610 1534 795 c1s1_003226
470 1220 721 1312 842 c2s1_003826
470 158 384 234 480 c3s1_003576
470 507 107 529 143 c6s1_003576
471 586 518 659 679 c1s2_058071
471 1008 486 1139 658 c3s1_129983
472 434 944 630 1079 c1s4_047431
472 585 542 644 609 c3s2_107528
473 1272 482 1332 592 c1s1_060181
473 1414 579 1458 636 c2s1_061896
473 475 423 563 535 c3s1_059392
473 801 348 833 392 c5s1_060573
473 492 102 519 150 c6s1_059901
474 549 679 637 810 c1s1_063456
474 921 410 952 455 c4s1_062682
474 0 372 71 486 c6s1_063126
475 362 398 416 454 c5s2_084977
475 562 85 592 129 c6s2_060543
476 1096 513 1144 601 c1s3_069276
476 223 379 283 489 c3s2_064953
476 661 361 702 409 c4s4_005610
477 1338 524 1522 767 c1s2_070646
477 504 518 633 700 c3s1_144783
477 453 473 577 644 c4s3_001598
477 277 449 371 580 c5s1_145470
478 1318 477 1375 575 c1s1_034401
478 1582 639 1613 706 c2s2_028662
478 1260 444 1298 511 c3s1_007851
478 40 445 90 565 c4s3_039904
478 1093 356 1141 418 c5s1_008326
478 104 185 153 295 c6s1_034601
479 868 539 906 580 c1s4_066186
479 556 495 625 550 c3s2_069728
479 694 174 719 202 c6s2_063793
480 950 482 1002 568 c1s1_011501
480 1212 456 1245 499 c3s1_011026
480 95 415 143 482 c4s1_011976
480 511 291 586 432 c6s1_011876
481 1102 612 1143 674 c1s2_011666
481 811 702 859 743 c2s1_083821
481 1125 509 1151 542 c3s1_083992
481 694 482 751 534 c4s2_011867
482 860 524 960 616 c1s2_021866
482 1306 745 1350 799 c2s1_085121
482 104 377 150 471 c3s1_093817
482 471 102 502 133 c6s1_085926
483 744 575 830 703 c4s1_029901
483 650 527 723 643 c5s1_030001
484 992 644 1040 693 c2s2_123602
484 336 205 368 257 c6s2_119143
485 319 558 383 663 c3s2_031537
485 480 190 508 232 c6s2_025718
486 1829 622 1881 703 c2s1_041051
486 1310 444 1365 542 c3s1_040726
486 1071 334 1107 385 c4s1_057282
486 891 351 924 407 c5s1_041476
486 556 91 582 132 c6s1_022526
487 259 536 537 680 c2s2_051087
487 365 401 633 502 c3s2_095228
488 496 578 541 633 c2s2_069207
488 255 348 319 440 c3s2_083453
488 421 374 459 418 c5s2_084227
489 1238 834 1329 951 c2s2_060107
489 171 484 233 565 c3s2_062878
490 649 521 751 671 c1s4_062536
490 1622 482 1785 594 c3s1_000826
491 1860 428 1896 512 c1s1_055881
491 899 595 956 670 c2s1_055721
491 991 455 1058 554 c3s1_020576
491 475 393 516 461 c5s1_021151
491 535 90 562 139 c6s1_019451
492 861 484 899 543 c1s1_066556
492 1853 625 1910 706 c2s1_072771
492 41 338 113 466 c3s1_072467
493 1526 492 1588 573 c1s4_036906
493 1121 753 1197 885 c2s1_069846
494 1296 929 1401 1050 c2s1_020026
494 302 467 359 531 c3s1_020126
494 612 151 639 176 c6s1_020776
495 87 535 151 639 c1s1_003951
495 1614 630 1668 721 c2s1_003301
496 1022 568 1120 740 c1s1_060181
496 1473 726 1631 898 c2s1_061046
496 1041 497 1149 615 c3s1_057667
496 220 500 392 708 c4s1_059132
496 770 415 864 520 c5s1_058323
496 0 339 93 573 c6s1_058501
497 878 457 981 625 c1s3_044426
497 1660 422 1792 597 c3s2_031862
497 1174 332 1308 487 c5s2_031205
497 649 280 719 575 c6s2_027368
498 1552 500 1628 653 c1s2_005966
498 1835 638 1903 734 c2s1_078346
498 216 376 297 475 c3s1_077042
499 1028 708 1188 836 c1s1_054651
499 1144 729 1225 799 c2s1_062221
499 117 420 200 487 c3s1_061992
500 601 471 652 531 c1s1_030176
500 559 369 602 436 c4s1_030201
501 252 390 343 452 c3s2_127019
501 609 411 661 459 c5s2_127824
501 167 140 186 158 c6s2_118968
502 527 481 554 527 c1s1_064706
502 680 343 712 389 c4s1_002501
503 999 532 1053 580 c1s4_059311
503 1425 593 1484 665 c3s2_119594
504 330 632 405 771 c3s1_110858
504 969 522 1028 638 c4s2_038723
505 1746 548 1800 632 c1s2_040496
505 216 470 291 570 c3s1_112633
505 464 441 499 493 c5s1_113345
506 29 486 113 570 c3s2_119344
506 715 594 767 683 c4s4_060166
506 1649 559 1698 687 c5s2_121174
506 398 237 454 288 c6s2_114168
507 861 609 947 693 c1s3_005146
507 1213 724 1262 781 c2s1_152341
507 1321 391 1367 427 c4s3_005623
508 1576 844 1686 1026 c1s3_026726
508 974 750 1022 825 c2s2_009212
508 122 384 170 470 c3s2_048537
508 592 135 607 165 c6s2_006693
509 452 670 624 847 c1s2_028266
509 1312 675 1355 744 c2s1_105696
510 247 558 343 656 c1s1_068831
510 1639 623 1701 687 c2s1_068396
510 1584 360 1636 440 c4s1_068032
510 1514 375 1597 429 c5s1_068523
510 507 103 543 134 c6s1_050576
511 1243 560 1334 708 c1s4_062386
511 1120 398 1172 471 c4s4_062716
511 263 225 341 345 c6s2_117243
512 1058 516 1144 645 c1s4_024481
512 890 662 954 762 c2s2_110332
513 360 547 410 597 c1s4_006231
513 906 513 951 577 c3s2_050312
513 685 414 725 460 c5s2_050830
513 558 128 578 162 c6s2_060368
514 1097 488 1277 771 c1s4_051481
514 1092 653 1183 806 c2s2_119552
514 5 319 70 443 c3s2_122294
515 853 663 901 725 c2s2_104082
515 286 454 353 527 c3s2_106603
516 1465 612 1586 716 c1s2_025091
516 1473 574 1552 686 c3s1_098192
516 988 491 1055 567 c4s2_042148
516 560 467 611 537 c5s1_098723
517 1706 494 1862 711 c1s2_058596
517 1423 624 1495 724 c2s1_121691
517 1717 475 1795 575 c3s1_143158
517 789 401 862 503 c5s1_143670
518 1032 520 1123 604 c3s2_118644
518 530 439 578 491 c5s2_121274
519 275 378 361 464 c3s2_119619
519 1750 456 1801 561 c4s4_060166
519 419 444 495 541 c5s2_120874
520 1078 564 1202 712 c1s2_014816
520 1578 750 1666 812 c2s1_095371
520 297 403 389 476 c3s1_081267
520 487 111 507 144 c6s1_081926
521 298 580 424 829 c1s1_069031
521 88 338 185 450 c3s1_072942
522 1042 563 1106 639 c1s2_013066
522 1531 483 1586 538 c3s2_003071
522 1022 429 1084 508 c4s3_016948
522 453 274 507 337 c6s1_086051
523 1501 513 1645 735 c1s1_038051
523 861 594 917 656 c2s1_060846
523 693 105 717 147 c6s1_038276
524 1534 606 1609 665 c1s4_010981
524 216 422 257 484 c3s2_040012
525 1162 569 1213 625 c1s2_066396
525 1865 871 1893 941 c2s1_137141
525 415 545 483 629 c3s1_141208
526 1375 445 1411 502 c1s4_000981
526 844 458 904 581 c3s2_079728
526 303 145 352 227 c6s2_055743
527 318 841 551 1081 c1s1_032751
527 57 402 119 499 c3s1_041526
527 588 110 613 152 c6s1_033051
528 976 688 1052 780 c1s4_023431
528 1192 723 1259 797 c2s2_081007
528 271 492 375 583 c3s2_083678
528 631 431 667 483 c5s2_084427
528 565 147 586 175 c6s2_077768
529 1293 483 1369 581 c1s1_070731
529 1717 601 1755 668 c2s1_069821
529 1142 446 1211 525 c3s1_072067
529 770 361 810 430 c5s1_072673
530 1289 637 1322 704 c2s2_037312
530 626 103 647 146 c6s2_024993
531 732 688 813 846 c2s1_097596
531 137 353 215 465 c3s1_105467
532 645 473 739 661 c4s3_051504
532 76 225 136 355 c6s2_031568
533 1061 399 1312 512 c3s2_102178
533 245 327 675 519 c4s4_040310
534 1306 531 1919 903 c2s2_050312
534 1172 388 1464 503 c3s2_023687
